Path 0: 2 1 4 5 0 3 6 
Path 1: 2 1 4 5 0 6 3 
Path 2: 2 1 4 5 3 0 6 
Path 3: 2 1 4 5 3 6 0 
Path 4: 2 1 4 5 6 0 3 
Path 5: 2 1 4 5 6 3 0 
Path 6: 2 1 4 6 0 3 5 
Path 7: 2 1 4 6 0 5 3 
Path 8: 2 1 4 6 3 0 5 
Path 9: 2 1 4 6 3 5 0 
Path 10: 2 1 4 6 5 0 3 
Path 11: 2 1 4 6 5 3 0 
Path 12: 2 1 5 0 3 4 6 
Path 13: 2 1 5 0 3 6 4 
Path 14: 2 1 5 0 4 3 6 
Path 15: 2 1 5 0 4 6 3 
Path 16: 2 1 5 0 6 3 4 
Path 17: 2 1 5 0 6 4 3 
Path 18: 2 1 5 3 0 4 6 
Path 19: 2 1 5 3 0 6 4 
Path 20: 2 1 5 3 4 0 6 
Path 21: 2 1 5 3 4 6 0 
Path 22: 2 1 5 3 6 0 4 
Path 23: 2 1 5 3 6 4 0 
Path 24: 2 1 5 4 0 3 6 
Path 25: 2 1 5 4 0 6 3 
Path 26: 2 1 5 4 3 0 6 
Path 27: 2 1 5 4 3 6 0 
Path 28: 2 1 5 4 6 0 3 
Path 29: 2 1 5 4 6 3 0 
Path 30: 2 1 5 6 0 3 4 
Path 31: 2 1 5 6 0 4 3 
Path 32: 2 1 5 6 3 0 4 
Path 33: 2 1 5 6 3 4 0 
Path 34: 2 1 5 6 4 0 3 
Path 35: 2 1 5 6 4 3 0 
Path 36: 2 1 6 0 3 4 5 
Path 37: 2 1 6 0 3 5 4 
Path 38: 2 1 6 0 4 3 5 
Path 39: 2 1 6 0 4 5 3 
Path 40: 2 1 6 0 5 3 4 
Path 41: 2 1 6 0 5 4 3 
Path 42: 2 1 6 3 0 4 5 
Path 43: 2 1 6 3 0 5 4 
Path 44: 2 1 6 3 4 0 5 
Path 45: 2 1 6 3 4 5 0 
Path 46: 2 1 6 3 5 0 4 
Path 47: 2 1 6 3 5 4 0 
Path 48: 2 1 6 4 0 3 5 
Path 49: 2 1 6 4 0 5 3 
Path 50: 2 1 6 4 3 0 5 
Path 51: 2 1 6 4 3 5 0 
Path 52: 2 1 6 4 5 0 3 
Path 53: 2 1 6 4 5 3 0 
Path 54: 2 1 6 5 0 3 4 
Path 55: 2 1 6 5 0 4 3 
Path 56: 2 1 6 5 3 0 4 
Path 57: 2 1 6 5 3 4 0 
Path 58: 2 1 6 5 4 0 3 
Path 59: 2 1 6 5 4 3 0 
Path 60: 2 4 1 0 3 5 6 
Path 61: 2 4 1 0 3 6 5 
Path 62: 2 4 1 0 5 3 6 
Path 63: 2 4 1 0 5 6 3 
Path 64: 2 4 1 0 6 3 5 
Path 65: 2 4 1 0 6 5 3 
Path 66: 2 4 1 3 0 5 6 
Path 67: 2 4 1 3 0 6 5 
Path 68: 2 4 1 3 5 0 6 
Path 69: 2 4 1 3 5 6 0 
Path 70: 2 4 1 3 6 0 5 
Path 71: 2 4 1 3 6 5 0 
Path 72: 2 4 1 5 0 3 6 
Path 73: 2 4 1 5 0 6 3 
Path 74: 2 4 1 5 3 0 6 
Path 75: 2 4 1 5 3 6 0 
Path 76: 2 4 1 5 6 0 3 
Path 77: 2 4 1 5 6 3 0 
Path 78: 2 4 1 6 0 3 5 
Path 79: 2 4 1 6 0 5 3 
Path 80: 2 4 1 6 3 0 5 
Path 81: 2 4 1 6 3 5 0 
Path 82: 2 4 1 6 5 0 3 
Path 83: 2 4 1 6 5 3 0 
Path 84: 2 4 3 0 1 5 6 
Path 85: 2 4 3 0 1 6 5 
Path 86: 2 4 3 0 5 1 6 
Path 87: 2 4 3 0 5 6 1 
Path 88: 2 4 3 0 6 1 5 
Path 89: 2 4 3 0 6 5 1 
Path 90: 2 4 3 1 0 5 6 
Path 91: 2 4 3 1 0 6 5 
Path 92: 2 4 3 1 5 0 6 
Path 93: 2 4 3 1 5 6 0 
Path 94: 2 4 3 1 6 0 5 
Path 95: 2 4 3 1 6 5 0 
Path 96: 2 4 3 5 0 1 6 
Path 97: 2 4 3 5 0 6 1 
Path 98: 2 4 3 5 1 0 6 
Path 99: 2 4 3 5 1 6 0 
Path 100: 2 4 3 5 6 0 1 
Path 101: 2 4 3 5 6 1 0 
Path 102: 2 4 3 6 0 1 5 
Path 103: 2 4 3 6 0 5 1 
Path 104: 2 4 3 6 1 0 5 
Path 105: 2 4 3 6 1 5 0 
Path 106: 2 4 3 6 5 0 1 
Path 107: 2 4 3 6 5 1 0 
Path 108: 2 4 5 0 1 3 6 
Path 109: 2 4 5 0 1 6 3 
Path 110: 2 4 5 0 3 1 6 
Path 111: 2 4 5 0 3 6 1 
Path 112: 2 4 5 0 6 1 3 
Path 113: 2 4 5 0 6 3 1 
Path 114: 2 4 5 1 0 3 6 
Path 115: 2 4 5 1 0 6 3 
Path 116: 2 4 5 1 3 0 6 
Path 117: 2 4 5 1 3 6 0 
Path 118: 2 4 5 1 6 0 3 
Path 119: 2 4 5 1 6 3 0 
Path 120: 2 4 5 3 0 1 6 
Path 121: 2 4 5 3 0 6 1 
Path 122: 2 4 5 3 1 0 6 
Path 123: 2 4 5 3 1 6 0 
Path 124: 2 4 5 3 6 0 1 
Path 125: 2 4 5 3 6 1 0 
Path 126: 2 4 5 6 0 1 3 
Path 127: 2 4 5 6 0 3 1 
Path 128: 2 4 5 6 1 0 3 
Path 129: 2 4 5 6 1 3 0 
Path 130: 2 4 5 6 3 0 1 
Path 131: 2 4 5 6 3 1 0 
Path 132: 2 4 6 0 1 3 5 
Path 133: 2 4 6 0 1 5 3 
Path 134: 2 4 6 0 3 1 5 
Path 135: 2 4 6 0 3 5 1 
Path 136: 2 4 6 0 5 1 3 
Path 137: 2 4 6 0 5 3 1 
Path 138: 2 4 6 1 0 3 5 
Path 139: 2 4 6 1 0 5 3 
Path 140: 2 4 6 1 3 0 5 
Path 141: 2 4 6 1 3 5 0 
Path 142: 2 4 6 1 5 0 3 
Path 143: 2 4 6 1 5 3 0 
Path 144: 2 4 6 3 0 1 5 
Path 145: 2 4 6 3 0 5 1 
Path 146: 2 4 6 3 1 0 5 
Path 147: 2 4 6 3 1 5 0 
Path 148: 2 4 6 3 5 0 1 
Path 149: 2 4 6 3 5 1 0 
Path 150: 2 4 6 5 0 1 3 
Path 151: 2 4 6 5 0 3 1 
Path 152: 2 4 6 5 1 0 3 
Path 153: 2 4 6 5 1 3 0 
Path 154: 2 4 6 5 3 0 1 
Path 155: 2 4 6 5 3 1 0 
Path 156: 2 5 0 1 3 4 6 
Path 157: 2 5 0 1 3 6 4 
Path 158: 2 5 0 1 4 3 6 
Path 159: 2 5 0 1 4 6 3 
Path 160: 2 5 0 1 6 3 4 
Path 161: 2 5 0 1 6 4 3 
Path 162: 2 5 0 3 1 4 6 
Path 163: 2 5 0 3 1 6 4 
Path 164: 2 5 0 3 4 1 6 
Path 165: 2 5 0 3 4 6 1 
Path 166: 2 5 0 3 6 1 4 
Path 167: 2 5 0 3 6 4 1 
Path 168: 2 5 0 4 1 3 6 
Path 169: 2 5 0 4 1 6 3 
Path 170: 2 5 0 4 3 1 6 
Path 171: 2 5 0 4 3 6 1 
Path 172: 2 5 0 4 6 1 3 
Path 173: 2 5 0 4 6 3 1 
Path 174: 2 5 0 6 1 3 4 
Path 175: 2 5 0 6 1 4 3 
Path 176: 2 5 0 6 3 1 4 
Path 177: 2 5 0 6 3 4 1 
Path 178: 2 5 0 6 4 1 3 
Path 179: 2 5 0 6 4 3 1 
Path 180: 2 5 1 0 3 4 6 
Path 181: 2 5 1 0 3 6 4 
Path 182: 2 5 1 0 4 3 6 
Path 183: 2 5 1 0 4 6 3 
Path 184: 2 5 1 0 6 3 4 
Path 185: 2 5 1 0 6 4 3 
Path 186: 2 5 1 3 0 4 6 
Path 187: 2 5 1 3 0 6 4 
Path 188: 2 5 1 3 4 0 6 
Path 189: 2 5 1 3 4 6 0 
Path 190: 2 5 1 3 6 0 4 
Path 191: 2 5 1 3 6 4 0 
Path 192: 2 5 1 4 0 3 6 
Path 193: 2 5 1 4 0 6 3 
Path 194: 2 5 1 4 3 0 6 
Path 195: 2 5 1 4 3 6 0 
Path 196: 2 5 1 4 6 0 3 
Path 197: 2 5 1 4 6 3 0 
Path 198: 2 5 1 6 0 3 4 
Path 199: 2 5 1 6 0 4 3 
Path 200: 2 5 1 6 3 0 4 
Path 201: 2 5 1 6 3 4 0 
Path 202: 2 5 1 6 4 0 3 
Path 203: 2 5 1 6 4 3 0 
Path 204: 2 5 3 0 1 4 6 
Path 205: 2 5 3 0 1 6 4 
Path 206: 2 5 3 0 4 1 6 
Path 207: 2 5 3 0 4 6 1 
Path 208: 2 5 3 0 6 1 4 
Path 209: 2 5 3 0 6 4 1 
Path 210: 2 5 3 1 0 4 6 
Path 211: 2 5 3 1 0 6 4 
Path 212: 2 5 3 1 4 0 6 
Path 213: 2 5 3 1 4 6 0 
Path 214: 2 5 3 1 6 0 4 
Path 215: 2 5 3 1 6 4 0 
Path 216: 2 5 3 4 0 1 6 
Path 217: 2 5 3 4 0 6 1 
Path 218: 2 5 3 4 1 0 6 
Path 219: 2 5 3 4 1 6 0 
Path 220: 2 5 3 4 6 0 1 
Path 221: 2 5 3 4 6 1 0 
Path 222: 2 5 3 6 0 1 4 
Path 223: 2 5 3 6 0 4 1 
Path 224: 2 5 3 6 1 0 4 
Path 225: 2 5 3 6 1 4 0 
Path 226: 2 5 3 6 4 0 1 
Path 227: 2 5 3 6 4 1 0 
Path 228: 2 5 4 0 1 3 6 
Path 229: 2 5 4 0 1 6 3 
Path 230: 2 5 4 0 3 1 6 
Path 231: 2 5 4 0 3 6 1 
Path 232: 2 5 4 0 6 1 3 
Path 233: 2 5 4 0 6 3 1 
Path 234: 2 5 4 1 0 3 6 
Path 235: 2 5 4 1 0 6 3 
Path 236: 2 5 4 1 3 0 6 
Path 237: 2 5 4 1 3 6 0 
Path 238: 2 5 4 1 6 0 3 
Path 239: 2 5 4 1 6 3 0 
Path 240: 2 5 4 3 0 1 6 
Path 241: 2 5 4 3 0 6 1 
Path 242: 2 5 4 3 1 0 6 
Path 243: 2 5 4 3 1 6 0 
Path 244: 2 5 4 3 6 0 1 
Path 245: 2 5 4 3 6 1 0 
Path 246: 2 5 4 6 0 1 3 
Path 247: 2 5 4 6 0 3 1 
Path 248: 2 5 4 6 1 0 3 
Path 249: 2 5 4 6 1 3 0 
Path 250: 2 5 4 6 3 0 1 
Path 251: 2 5 4 6 3 1 0 
Path 252: 2 5 6 0 1 3 4 
Path 253: 2 5 6 0 1 4 3 
Path 254: 2 5 6 0 3 1 4 
Path 255: 2 5 6 0 3 4 1 
Path 256: 2 5 6 0 4 1 3 
Path 257: 2 5 6 0 4 3 1 
Path 258: 2 5 6 1 0 3 4 
Path 259: 2 5 6 1 0 4 3 
Path 260: 2 5 6 1 3 0 4 
Path 261: 2 5 6 1 3 4 0 
Path 262: 2 5 6 1 4 0 3 
Path 263: 2 5 6 1 4 3 0 
Path 264: 2 5 6 3 0 1 4 
Path 265: 2 5 6 3 0 4 1 
Path 266: 2 5 6 3 1 0 4 
Path 267: 2 5 6 3 1 4 0 
Path 268: 2 5 6 3 4 0 1 
Path 269: 2 5 6 3 4 1 0 
Path 270: 2 5 6 4 0 1 3 
Path 271: 2 5 6 4 0 3 1 
Path 272: 2 5 6 4 1 0 3 
Path 273: 2 5 6 4 1 3 0 
Path 274: 2 5 6 4 3 0 1 
Path 275: 2 5 6 4 3 1 0 
Path 276: 2 6 0 1 3 4 5 
Path 277: 2 6 0 1 3 5 4 
Path 278: 2 6 0 1 4 3 5 
Path 279: 2 6 0 1 4 5 3 
Path 280: 2 6 0 1 5 3 4 
Path 281: 2 6 0 1 5 4 3 
Path 282: 2 6 0 3 1 4 5 
Path 283: 2 6 0 3 1 5 4 
Path 284: 2 6 0 3 4 1 5 
Path 285: 2 6 0 3 4 5 1 
Path 286: 2 6 0 3 5 1 4 
Path 287: 2 6 0 3 5 4 1 
Path 288: 2 6 0 4 1 3 5 
Path 289: 2 6 0 4 1 5 3 
Path 290: 2 6 0 4 3 1 5 
Path 291: 2 6 0 4 3 5 1 
Path 292: 2 6 0 4 5 1 3 
Path 293: 2 6 0 4 5 3 1 
Path 294: 2 6 0 5 1 3 4 
Path 295: 2 6 0 5 1 4 3 
Path 296: 2 6 0 5 3 1 4 
Path 297: 2 6 0 5 3 4 1 
Path 298: 2 6 0 5 4 1 3 
Path 299: 2 6 0 5 4 3 1 
Path 300: 2 6 1 0 3 4 5 
Path 301: 2 6 1 0 3 5 4 
Path 302: 2 6 1 0 4 3 5 
Path 303: 2 6 1 0 4 5 3 
Path 304: 2 6 1 0 5 3 4 
Path 305: 2 6 1 0 5 4 3 
Path 306: 2 6 1 3 0 4 5 
Path 307: 2 6 1 3 0 5 4 
Path 308: 2 6 1 3 4 0 5 
Path 309: 2 6 1 3 4 5 0 
Path 310: 2 6 1 3 5 0 4 
Path 311: 2 6 1 3 5 4 0 
Path 312: 2 6 1 4 0 3 5 
Path 313: 2 6 1 4 0 5 3 
Path 314: 2 6 1 4 3 0 5 
Path 315: 2 6 1 4 3 5 0 
Path 316: 2 6 1 4 5 0 3 
Path 317: 2 6 1 4 5 3 0 
Path 318: 2 6 1 5 0 3 4 
Path 319: 2 6 1 5 0 4 3 
Path 320: 2 6 1 5 3 0 4 
Path 321: 2 6 1 5 3 4 0 
Path 322: 2 6 1 5 4 0 3 
Path 323: 2 6 1 5 4 3 0 
Path 324: 2 6 3 0 1 4 5 
Path 325: 2 6 3 0 1 5 4 
Path 326: 2 6 3 0 4 1 5 
Path 327: 2 6 3 0 4 5 1 
Path 328: 2 6 3 0 5 1 4 
Path 329: 2 6 3 0 5 4 1 
Path 330: 2 6 3 1 0 4 5 
Path 331: 2 6 3 1 0 5 4 
Path 332: 2 6 3 1 4 0 5 
Path 333: 2 6 3 1 4 5 0 
Path 334: 2 6 3 1 5 0 4 
Path 335: 2 6 3 1 5 4 0 
Path 336: 2 6 3 4 0 1 5 
Path 337: 2 6 3 4 0 5 1 
Path 338: 2 6 3 4 1 0 5 
Path 339: 2 6 3 4 1 5 0 
Path 340: 2 6 3 4 5 0 1 
Path 341: 2 6 3 4 5 1 0 
Path 342: 2 6 3 5 0 1 4 
Path 343: 2 6 3 5 0 4 1 
Path 344: 2 6 3 5 1 0 4 
Path 345: 2 6 3 5 1 4 0 
Path 346: 2 6 3 5 4 0 1 
Path 347: 2 6 3 5 4 1 0 
Path 348: 2 6 4 0 1 3 5 
Path 349: 2 6 4 0 1 5 3 
Path 350: 2 6 4 0 3 1 5 
Path 351: 2 6 4 0 3 5 1 
Path 352: 2 6 4 0 5 1 3 
Path 353: 2 6 4 0 5 3 1 
Path 354: 2 6 4 1 0 3 5 
Path 355: 2 6 4 1 0 5 3 
Path 356: 2 6 4 1 3 0 5 
Path 357: 2 6 4 1 3 5 0 
Path 358: 2 6 4 1 5 0 3 
Path 359: 2 6 4 1 5 3 0 
Path 360: 2 6 4 3 0 1 5 
Path 361: 2 6 4 3 0 5 1 
Path 362: 2 6 4 3 1 0 5 
Path 363: 2 6 4 3 1 5 0 
Path 364: 2 6 4 3 5 0 1 
Path 365: 2 6 4 3 5 1 0 
Path 366: 2 6 4 5 0 1 3 
Path 367: 2 6 4 5 0 3 1 
Path 368: 2 6 4 5 1 0 3 
Path 369: 2 6 4 5 1 3 0 
Path 370: 2 6 4 5 3 0 1 
Path 371: 2 6 4 5 3 1 0 
Path 372: 2 6 5 0 1 3 4 
Path 373: 2 6 5 0 1 4 3 
Path 374: 2 6 5 0 3 1 4 
Path 375: 2 6 5 0 3 4 1 
Path 376: 2 6 5 0 4 1 3 
Path 377: 2 6 5 0 4 3 1 
Path 378: 2 6 5 1 0 3 4 
Path 379: 2 6 5 1 0 4 3 
Path 380: 2 6 5 1 3 0 4 
Path 381: 2 6 5 1 3 4 0 
Path 382: 2 6 5 1 4 0 3 
Path 383: 2 6 5 1 4 3 0 
Path 384: 2 6 5 3 0 1 4 
Path 385: 2 6 5 3 0 4 1 
Path 386: 2 6 5 3 1 0 4 
Path 387: 2 6 5 3 1 4 0 
Path 388: 2 6 5 3 4 0 1 
Path 389: 2 6 5 3 4 1 0 
Path 390: 2 6 5 4 0 1 3 
Path 391: 2 6 5 4 0 3 1 
Path 392: 2 6 5 4 1 0 3 
Path 393: 2 6 5 4 1 3 0 
Path 394: 2 6 5 4 3 0 1 
Path 395: 2 6 5 4 3 1 0 
Path 396: 4 1 2 5 0 3 6 
Path 397: 4 1 2 5 0 6 3 
Path 398: 4 1 2 5 3 0 6 
Path 399: 4 1 2 5 3 6 0 
Path 400: 4 1 2 5 6 0 3 
Path 401: 4 1 2 5 6 3 0 
Path 402: 4 1 2 6 0 3 5 
Path 403: 4 1 2 6 0 5 3 
Path 404: 4 1 2 6 3 0 5 
Path 405: 4 1 2 6 3 5 0 
Path 406: 4 1 2 6 5 0 3 
Path 407: 4 1 2 6 5 3 0 
Path 408: 4 1 5 0 2 3 6 
Path 409: 4 1 5 0 2 6 3 
Path 410: 4 1 5 0 3 2 6 
Path 411: 4 1 5 0 3 6 2 
Path 412: 4 1 5 0 6 2 3 
Path 413: 4 1 5 0 6 3 2 
Path 414: 4 1 5 2 0 3 6 
Path 415: 4 1 5 2 0 6 3 
Path 416: 4 1 5 2 3 0 6 
Path 417: 4 1 5 2 3 6 0 
Path 418: 4 1 5 2 6 0 3 
Path 419: 4 1 5 2 6 3 0 
Path 420: 4 1 5 3 0 2 6 
Path 421: 4 1 5 3 0 6 2 
Path 422: 4 1 5 3 2 0 6 
Path 423: 4 1 5 3 2 6 0 
Path 424: 4 1 5 3 6 0 2 
Path 425: 4 1 5 3 6 2 0 
Path 426: 4 1 5 6 0 2 3 
Path 427: 4 1 5 6 0 3 2 
Path 428: 4 1 5 6 2 0 3 
Path 429: 4 1 5 6 2 3 0 
Path 430: 4 1 5 6 3 0 2 
Path 431: 4 1 5 6 3 2 0 
Path 432: 4 1 6 0 2 3 5 
Path 433: 4 1 6 0 2 5 3 
Path 434: 4 1 6 0 3 2 5 
Path 435: 4 1 6 0 3 5 2 
Path 436: 4 1 6 0 5 2 3 
Path 437: 4 1 6 0 5 3 2 
Path 438: 4 1 6 2 0 3 5 
Path 439: 4 1 6 2 0 5 3 
Path 440: 4 1 6 2 3 0 5 
Path 441: 4 1 6 2 3 5 0 
Path 442: 4 1 6 2 5 0 3 
Path 443: 4 1 6 2 5 3 0 
Path 444: 4 1 6 3 0 2 5 
Path 445: 4 1 6 3 0 5 2 
Path 446: 4 1 6 3 2 0 5 
Path 447: 4 1 6 3 2 5 0 
Path 448: 4 1 6 3 5 0 2 
Path 449: 4 1 6 3 5 2 0 
Path 450: 4 1 6 5 0 2 3 
Path 451: 4 1 6 5 0 3 2 
Path 452: 4 1 6 5 2 0 3 
Path 453: 4 1 6 5 2 3 0 
Path 454: 4 1 6 5 3 0 2 
Path 455: 4 1 6 5 3 2 0 
Path 456: 4 2 1 0 3 5 6 
Path 457: 4 2 1 0 3 6 5 
Path 458: 4 2 1 0 5 3 6 
Path 459: 4 2 1 0 5 6 3 
Path 460: 4 2 1 0 6 3 5 
Path 461: 4 2 1 0 6 5 3 
Path 462: 4 2 1 3 0 5 6 
Path 463: 4 2 1 3 0 6 5 
Path 464: 4 2 1 3 5 0 6 
Path 465: 4 2 1 3 5 6 0 
Path 466: 4 2 1 3 6 0 5 
Path 467: 4 2 1 3 6 5 0 
Path 468: 4 2 1 5 0 3 6 
Path 469: 4 2 1 5 0 6 3 
Path 470: 4 2 1 5 3 0 6 
Path 471: 4 2 1 5 3 6 0 
Path 472: 4 2 1 5 6 0 3 
Path 473: 4 2 1 5 6 3 0 
Path 474: 4 2 1 6 0 3 5 
Path 475: 4 2 1 6 0 5 3 
Path 476: 4 2 1 6 3 0 5 
Path 477: 4 2 1 6 3 5 0 
Path 478: 4 2 1 6 5 0 3 
Path 479: 4 2 1 6 5 3 0 
Path 480: 4 2 3 0 1 5 6 
Path 481: 4 2 3 0 1 6 5 
Path 482: 4 2 3 0 5 1 6 
Path 483: 4 2 3 0 5 6 1 
Path 484: 4 2 3 0 6 1 5 
Path 485: 4 2 3 0 6 5 1 
Path 486: 4 2 3 1 0 5 6 
Path 487: 4 2 3 1 0 6 5 
Path 488: 4 2 3 1 5 0 6 
Path 489: 4 2 3 1 5 6 0 
Path 490: 4 2 3 1 6 0 5 
Path 491: 4 2 3 1 6 5 0 
Path 492: 4 2 3 5 0 1 6 
Path 493: 4 2 3 5 0 6 1 
Path 494: 4 2 3 5 1 0 6 
Path 495: 4 2 3 5 1 6 0 
Path 496: 4 2 3 5 6 0 1 
Path 497: 4 2 3 5 6 1 0 
Path 498: 4 2 3 6 0 1 5 
Path 499: 4 2 3 6 0 5 1 
Path 500: 4 2 3 6 1 0 5 
Path 501: 4 2 3 6 1 5 0 
Path 502: 4 2 3 6 5 0 1 
Path 503: 4 2 3 6 5 1 0 
Path 504: 4 2 5 0 1 3 6 
Path 505: 4 2 5 0 1 6 3 
Path 506: 4 2 5 0 3 1 6 
Path 507: 4 2 5 0 3 6 1 
Path 508: 4 2 5 0 6 1 3 
Path 509: 4 2 5 0 6 3 1 
Path 510: 4 2 5 1 0 3 6 
Path 511: 4 2 5 1 0 6 3 
Path 512: 4 2 5 1 3 0 6 
Path 513: 4 2 5 1 3 6 0 
Path 514: 4 2 5 1 6 0 3 
Path 515: 4 2 5 1 6 3 0 
Path 516: 4 2 5 3 0 1 6 
Path 517: 4 2 5 3 0 6 1 
Path 518: 4 2 5 3 1 0 6 
Path 519: 4 2 5 3 1 6 0 
Path 520: 4 2 5 3 6 0 1 
Path 521: 4 2 5 3 6 1 0 
Path 522: 4 2 5 6 0 1 3 
Path 523: 4 2 5 6 0 3 1 
Path 524: 4 2 5 6 1 0 3 
Path 525: 4 2 5 6 1 3 0 
Path 526: 4 2 5 6 3 0 1 
Path 527: 4 2 5 6 3 1 0 
Path 528: 4 2 6 0 1 3 5 
Path 529: 4 2 6 0 1 5 3 
Path 530: 4 2 6 0 3 1 5 
Path 531: 4 2 6 0 3 5 1 
Path 532: 4 2 6 0 5 1 3 
Path 533: 4 2 6 0 5 3 1 
Path 534: 4 2 6 1 0 3 5 
Path 535: 4 2 6 1 0 5 3 
Path 536: 4 2 6 1 3 0 5 
Path 537: 4 2 6 1 3 5 0 
Path 538: 4 2 6 1 5 0 3 
Path 539: 4 2 6 1 5 3 0 
Path 540: 4 2 6 3 0 1 5 
Path 541: 4 2 6 3 0 5 1 
Path 542: 4 2 6 3 1 0 5 
Path 543: 4 2 6 3 1 5 0 
Path 544: 4 2 6 3 5 0 1 
Path 545: 4 2 6 3 5 1 0 
Path 546: 4 2 6 5 0 1 3 
Path 547: 4 2 6 5 0 3 1 
Path 548: 4 2 6 5 1 0 3 
Path 549: 4 2 6 5 1 3 0 
Path 550: 4 2 6 5 3 0 1 
Path 551: 4 2 6 5 3 1 0 
Path 552: 4 5 0 1 2 3 6 
Path 553: 4 5 0 1 2 6 3 
Path 554: 4 5 0 1 3 2 6 
Path 555: 4 5 0 1 3 6 2 
Path 556: 4 5 0 1 6 2 3 
Path 557: 4 5 0 1 6 3 2 
Path 558: 4 5 0 2 1 3 6 
Path 559: 4 5 0 2 1 6 3 
Path 560: 4 5 0 2 3 1 6 
Path 561: 4 5 0 2 3 6 1 
Path 562: 4 5 0 2 6 1 3 
Path 563: 4 5 0 2 6 3 1 
Path 564: 4 5 0 3 1 2 6 
Path 565: 4 5 0 3 1 6 2 
Path 566: 4 5 0 3 2 1 6 
Path 567: 4 5 0 3 2 6 1 
Path 568: 4 5 0 3 6 1 2 
Path 569: 4 5 0 3 6 2 1 
Path 570: 4 5 0 6 1 2 3 
Path 571: 4 5 0 6 1 3 2 
Path 572: 4 5 0 6 2 1 3 
Path 573: 4 5 0 6 2 3 1 
Path 574: 4 5 0 6 3 1 2 
Path 575: 4 5 0 6 3 2 1 
Path 576: 4 5 1 0 2 3 6 
Path 577: 4 5 1 0 2 6 3 
Path 578: 4 5 1 0 3 2 6 
Path 579: 4 5 1 0 3 6 2 
Path 580: 4 5 1 0 6 2 3 
Path 581: 4 5 1 0 6 3 2 
Path 582: 4 5 1 2 0 3 6 
Path 583: 4 5 1 2 0 6 3 
Path 584: 4 5 1 2 3 0 6 
Path 585: 4 5 1 2 3 6 0 
Path 586: 4 5 1 2 6 0 3 
Path 587: 4 5 1 2 6 3 0 
Path 588: 4 5 1 3 0 2 6 
Path 589: 4 5 1 3 0 6 2 
Path 590: 4 5 1 3 2 0 6 
Path 591: 4 5 1 3 2 6 0 
Path 592: 4 5 1 3 6 0 2 
Path 593: 4 5 1 3 6 2 0 
Path 594: 4 5 1 6 0 2 3 
Path 595: 4 5 1 6 0 3 2 
Path 596: 4 5 1 6 2 0 3 
Path 597: 4 5 1 6 2 3 0 
Path 598: 4 5 1 6 3 0 2 
Path 599: 4 5 1 6 3 2 0 
Path 600: 4 5 2 0 1 3 6 
Path 601: 4 5 2 0 1 6 3 
Path 602: 4 5 2 0 3 1 6 
Path 603: 4 5 2 0 3 6 1 
Path 604: 4 5 2 0 6 1 3 
Path 605: 4 5 2 0 6 3 1 
Path 606: 4 5 2 1 0 3 6 
Path 607: 4 5 2 1 0 6 3 
Path 608: 4 5 2 1 3 0 6 
Path 609: 4 5 2 1 3 6 0 
Path 610: 4 5 2 1 6 0 3 
Path 611: 4 5 2 1 6 3 0 
Path 612: 4 5 2 3 0 1 6 
Path 613: 4 5 2 3 0 6 1 
Path 614: 4 5 2 3 1 0 6 
Path 615: 4 5 2 3 1 6 0 
Path 616: 4 5 2 3 6 0 1 
Path 617: 4 5 2 3 6 1 0 
Path 618: 4 5 2 6 0 1 3 
Path 619: 4 5 2 6 0 3 1 
Path 620: 4 5 2 6 1 0 3 
Path 621: 4 5 2 6 1 3 0 
Path 622: 4 5 2 6 3 0 1 
Path 623: 4 5 2 6 3 1 0 
Path 624: 4 5 3 0 1 2 6 
Path 625: 4 5 3 0 1 6 2 
Path 626: 4 5 3 0 2 1 6 
Path 627: 4 5 3 0 2 6 1 
Path 628: 4 5 3 0 6 1 2 
Path 629: 4 5 3 0 6 2 1 
Path 630: 4 5 3 1 0 2 6 
Path 631: 4 5 3 1 0 6 2 
Path 632: 4 5 3 1 2 0 6 
Path 633: 4 5 3 1 2 6 0 
Path 634: 4 5 3 1 6 0 2 
Path 635: 4 5 3 1 6 2 0 
Path 636: 4 5 3 2 0 1 6 
Path 637: 4 5 3 2 0 6 1 
Path 638: 4 5 3 2 1 0 6 
Path 639: 4 5 3 2 1 6 0 
Path 640: 4 5 3 2 6 0 1 
Path 641: 4 5 3 2 6 1 0 
Path 642: 4 5 3 6 0 1 2 
Path 643: 4 5 3 6 0 2 1 
Path 644: 4 5 3 6 1 0 2 
Path 645: 4 5 3 6 1 2 0 
Path 646: 4 5 3 6 2 0 1 
Path 647: 4 5 3 6 2 1 0 
Path 648: 4 5 6 0 1 2 3 
Path 649: 4 5 6 0 1 3 2 
Path 650: 4 5 6 0 2 1 3 
Path 651: 4 5 6 0 2 3 1 
Path 652: 4 5 6 0 3 1 2 
Path 653: 4 5 6 0 3 2 1 
Path 654: 4 5 6 1 0 2 3 
Path 655: 4 5 6 1 0 3 2 
Path 656: 4 5 6 1 2 0 3 
Path 657: 4 5 6 1 2 3 0 
Path 658: 4 5 6 1 3 0 2 
Path 659: 4 5 6 1 3 2 0 
Path 660: 4 5 6 2 0 1 3 
Path 661: 4 5 6 2 0 3 1 
Path 662: 4 5 6 2 1 0 3 
Path 663: 4 5 6 2 1 3 0 
Path 664: 4 5 6 2 3 0 1 
Path 665: 4 5 6 2 3 1 0 
Path 666: 4 5 6 3 0 1 2 
Path 667: 4 5 6 3 0 2 1 
Path 668: 4 5 6 3 1 0 2 
Path 669: 4 5 6 3 1 2 0 
Path 670: 4 5 6 3 2 0 1 
Path 671: 4 5 6 3 2 1 0 
Path 672: 4 6 0 1 2 3 5 
Path 673: 4 6 0 1 2 5 3 
Path 674: 4 6 0 1 3 2 5 
Path 675: 4 6 0 1 3 5 2 
Path 676: 4 6 0 1 5 2 3 
Path 677: 4 6 0 1 5 3 2 
Path 678: 4 6 0 2 1 3 5 
Path 679: 4 6 0 2 1 5 3 
Path 680: 4 6 0 2 3 1 5 
Path 681: 4 6 0 2 3 5 1 
Path 682: 4 6 0 2 5 1 3 
Path 683: 4 6 0 2 5 3 1 
Path 684: 4 6 0 3 1 2 5 
Path 685: 4 6 0 3 1 5 2 
Path 686: 4 6 0 3 2 1 5 
Path 687: 4 6 0 3 2 5 1 
Path 688: 4 6 0 3 5 1 2 
Path 689: 4 6 0 3 5 2 1 
Path 690: 4 6 0 5 1 2 3 
Path 691: 4 6 0 5 1 3 2 
Path 692: 4 6 0 5 2 1 3 
Path 693: 4 6 0 5 2 3 1 
Path 694: 4 6 0 5 3 1 2 
Path 695: 4 6 0 5 3 2 1 
Path 696: 4 6 1 0 2 3 5 
Path 697: 4 6 1 0 2 5 3 
Path 698: 4 6 1 0 3 2 5 
Path 699: 4 6 1 0 3 5 2 
Path 700: 4 6 1 0 5 2 3 
Path 701: 4 6 1 0 5 3 2 
Path 702: 4 6 1 2 0 3 5 
Path 703: 4 6 1 2 0 5 3 
Path 704: 4 6 1 2 3 0 5 
Path 705: 4 6 1 2 3 5 0 
Path 706: 4 6 1 2 5 0 3 
Path 707: 4 6 1 2 5 3 0 
Path 708: 4 6 1 3 0 2 5 
Path 709: 4 6 1 3 0 5 2 
Path 710: 4 6 1 3 2 0 5 
Path 711: 4 6 1 3 2 5 0 
Path 712: 4 6 1 3 5 0 2 
Path 713: 4 6 1 3 5 2 0 
Path 714: 4 6 1 5 0 2 3 
Path 715: 4 6 1 5 0 3 2 
Path 716: 4 6 1 5 2 0 3 
Path 717: 4 6 1 5 2 3 0 
Path 718: 4 6 1 5 3 0 2 
Path 719: 4 6 1 5 3 2 0 
Path 720: 4 6 2 0 1 3 5 
Path 721: 4 6 2 0 1 5 3 
Path 722: 4 6 2 0 3 1 5 
Path 723: 4 6 2 0 3 5 1 
Path 724: 4 6 2 0 5 1 3 
Path 725: 4 6 2 0 5 3 1 
Path 726: 4 6 2 1 0 3 5 
Path 727: 4 6 2 1 0 5 3 
Path 728: 4 6 2 1 3 0 5 
Path 729: 4 6 2 1 3 5 0 
Path 730: 4 6 2 1 5 0 3 
Path 731: 4 6 2 1 5 3 0 
Path 732: 4 6 2 3 0 1 5 
Path 733: 4 6 2 3 0 5 1 
Path 734: 4 6 2 3 1 0 5 
Path 735: 4 6 2 3 1 5 0 
Path 736: 4 6 2 3 5 0 1 
Path 737: 4 6 2 3 5 1 0 
Path 738: 4 6 2 5 0 1 3 
Path 739: 4 6 2 5 0 3 1 
Path 740: 4 6 2 5 1 0 3 
Path 741: 4 6 2 5 1 3 0 
Path 742: 4 6 2 5 3 0 1 
Path 743: 4 6 2 5 3 1 0 
Path 744: 4 6 3 0 1 2 5 
Path 745: 4 6 3 0 1 5 2 
Path 746: 4 6 3 0 2 1 5 
Path 747: 4 6 3 0 2 5 1 
Path 748: 4 6 3 0 5 1 2 
Path 749: 4 6 3 0 5 2 1 
Path 750: 4 6 3 1 0 2 5 
Path 751: 4 6 3 1 0 5 2 
Path 752: 4 6 3 1 2 0 5 
Path 753: 4 6 3 1 2 5 0 
Path 754: 4 6 3 1 5 0 2 
Path 755: 4 6 3 1 5 2 0 
Path 756: 4 6 3 2 0 1 5 
Path 757: 4 6 3 2 0 5 1 
Path 758: 4 6 3 2 1 0 5 
Path 759: 4 6 3 2 1 5 0 
Path 760: 4 6 3 2 5 0 1 
Path 761: 4 6 3 2 5 1 0 
Path 762: 4 6 3 5 0 1 2 
Path 763: 4 6 3 5 0 2 1 
Path 764: 4 6 3 5 1 0 2 
Path 765: 4 6 3 5 1 2 0 
Path 766: 4 6 3 5 2 0 1 
Path 767: 4 6 3 5 2 1 0 
Path 768: 4 6 5 0 1 2 3 
Path 769: 4 6 5 0 1 3 2 
Path 770: 4 6 5 0 2 1 3 
Path 771: 4 6 5 0 2 3 1 
Path 772: 4 6 5 0 3 1 2 
Path 773: 4 6 5 0 3 2 1 
Path 774: 4 6 5 1 0 2 3 
Path 775: 4 6 5 1 0 3 2 
Path 776: 4 6 5 1 2 0 3 
Path 777: 4 6 5 1 2 3 0 
Path 778: 4 6 5 1 3 0 2 
Path 779: 4 6 5 1 3 2 0 
Path 780: 4 6 5 2 0 1 3 
Path 781: 4 6 5 2 0 3 1 
Path 782: 4 6 5 2 1 0 3 
Path 783: 4 6 5 2 1 3 0 
Path 784: 4 6 5 2 3 0 1 
Path 785: 4 6 5 2 3 1 0 
Path 786: 4 6 5 3 0 1 2 
Path 787: 4 6 5 3 0 2 1 
Path 788: 4 6 5 3 1 0 2 
Path 789: 4 6 5 3 1 2 0 
Path 790: 4 6 5 3 2 0 1 
Path 791: 4 6 5 3 2 1 0 
